# Frame list with one line of data per frame:
#   FRAME_ID, RIG_ID, RIG_FROM_WORLD[QW, QX, QY, QZ, TX, TY, TZ], NUM_DATA_IDS, DATA_IDS[] as (SENSOR_TYPE, SENSOR_ID, DATA_ID)
# Number of frames: 160
1 1 0.99891206312226244 -0.041395932607988024 0.010985091834410583 -0.018449787796335319 0.64624583529685842 -1.5728322433828905 2.7475204500443136 1 CAMERA 1 1
2 1 0.9977786673683311 0.031210862560041408 0.058686216094864518 -0.0044205252405524979 1.3599633658512873 -2.3934893076938479 1.9636749425358471 1 CAMERA 1 2
3 1 0.99917563250717933 -0.037260283371525829 0.0084250201004848427 -0.013738476016578124 0.65026104537903795 -1.6809527227093652 2.750099443023001 1 CAMERA 1 3
4 1 0.99812046617157835 -0.014259118849295203 0.051280791597496073 -0.030372569074860661 1.0470985449893881 -1.9931826401694566 2.3986718817607984 1 CAMERA 1 4
5 1 0.99853388308790969 -0.045887062189104877 0.016632136017125237 -0.023405851843971207 0.73455139192111996 -1.5574488789741079 2.742850656694698 1 CAMERA 1 5
6 1 0.99951646637100389 -0.028760844102462317 0.0066242434707984759 -0.0097860460950935126 0.63758452871381965 -1.7472721227184969 2.6920588769529461 1 CAMERA 1 6
7 1 0.99970086390040624 -0.023514973011096205 0.0053348086391271313 -0.0040949454029026843 0.6784360246632245 -1.7533543089479955 2.6260327453435508 1 CAMERA 1 7
8 1 0.99980216127350352 -0.019528566402605349 0.0037772253747372702 7.7301740583012095e-05 0.59614238729463653 -1.7531865237076245 2.6351856417242026 1 CAMERA 1 8
9 1 0.99982941192192998 -0.013842602204391805 -0.0085456853108352455 0.0087464668653580296 0.53204959231536186 -1.6871027167949473 2.687140215014693 1 CAMERA 1 9
10 1 0.99549912330855783 0.068250727067392963 0.061267977702231143 -0.023865637534828579 1.2629333219698544 -2.2502893726893798 1.7329303178882993 1 CAMERA 1 10
11 1 0.99906223788100612 -0.020454046177704629 -0.035474574752878699 0.014065254397227155 0.46272264213148917 -1.4774762536183705 2.8119879388913169 1 CAMERA 1 11
12 1 0.99602904575178797 0.012362453183076298 -0.063468155852093158 0.061197246366265057 1.0066257369790756 -1.708864827159021 2.5218346850903877 1 CAMERA 1 12
13 1 0.99765693521606724 -0.0077158314740877259 -0.056921738052071277 0.037162094896260739 0.64651097669900603 -1.5782374239638142 2.6467725030351916 1 CAMERA 1 13
14 1 0.9942606728626241 0.016911232899417587 -0.06879116492702371 0.080171692189742655 1.2817531884159767 -1.5678997950976168 2.4212382983641216 1 CAMERA 1 14
15 1 0.99224520089906509 0.02125472592536104 -0.069627517413128406 0.10074575295016767 1.4999972166169375 -1.4193703546404215 2.3207311838795857 1 CAMERA 1 15
16 1 0.98877788849131032 0.021992070837216396 -0.09135808094355552 0.11613930039942376 1.4341719363602032 -1.2480596029280315 2.3093629744812638 1 CAMERA 1 16
17 1 0.98600603124837716 0.026766948740531604 -0.10136796955435208 0.12961547571711501 1.5308931889126463 -1.0987936583173203 2.229522905270922 1 CAMERA 1 17
18 1 0.98170508081323649 0.047883428260500689 -0.11952442129880834 0.14027196554081436 1.5538137960160718 -1.0654538257283079 2.2041758207209812 1 CAMERA 1 18
19 1 0.97852144529496654 0.072672354671168907 -0.12854429578797361 0.14384322710774952 1.5920301962146004 -0.86472277849398194 2.1582825410565616 1 CAMERA 1 19
20 1 0.97592807869535414 0.12031120626951013 -0.13170623701242512 0.12547137518970983 1.3953296649978244 -0.57561482945934239 2.4749094365892859 1 CAMERA 1 20
21 1 0.96623456439511124 0.1730970033610523 -0.17653448740573335 0.07255183493205751 0.53583989835744972 -0.58096534866296912 3.4191155738046648 1 CAMERA 1 21
22 1 0.97511789476436495 0.14351566855014947 -0.12796782370990212 0.11032941713735364 1.2445354055487279 -0.57291375404159151 2.9939928619198928 1 CAMERA 1 22
23 1 0.96981571860506299 0.13491500589623076 -0.19374745899278992 0.060969953783830751 0.84334352156408865 0.25525349234612882 2.6109346836674594 1 CAMERA 1 23
24 1 0.96507058953159108 0.16725197466817848 -0.18827510469031858 0.072235857748016996 1.0765607341734118 -0.34165851669966568 2.4034962751150313 1 CAMERA 1 24
25 1 0.96924976373725946 0.12771440139337414 -0.19513357227931841 0.078529078318231915 1.4671796384711064 -0.61682751361881538 2.2991897422173992 1 CAMERA 1 25
26 1 0.96292095561148039 0.095979039280385939 -0.23859315145644419 0.081514203309422911 1.3021627311566684 -0.63256854118095618 2.387798909121241 1 CAMERA 1 26
27 1 0.95582898178511533 0.11191186185802203 -0.25881314241581554 0.082960533194715649 1.2277759178214318 -0.5534813343108782 2.2875166416808015 1 CAMERA 1 27
28 1 0.95723136943242881 0.099741081984825841 -0.2591238776886336 0.081330424507803339 1.303984821236686 -0.50866070714924738 2.2907143760716986 1 CAMERA 1 28
29 1 0.95564090893174958 0.078002697101527296 -0.2694237132496301 0.089871548110445648 1.2654600828801355 -0.30506014221468636 2.6100212279958304 1 CAMERA 1 29
30 1 0.94558662838483387 0.053239712175944469 -0.2862400910301684 0.14525175232769355 1.6760783436518252 -0.45991685565750784 3.035983969187388 1 CAMERA 1 30
31 1 0.94605911334243042 0.050002302865620685 -0.29772910801283053 0.11759805275493927 1.2843480813825168 -0.32745200117300599 3.0144762183823528 1 CAMERA 1 31
32 1 0.94289435621254503 0.055912625899815493 -0.28414963425386375 0.16456912420291134 1.8418468203525589 -0.50799076463589254 3.059124037623731 1 CAMERA 1 32
33 1 0.94011127609787848 0.065286275936837307 -0.28876937500067429 0.16894004495571074 1.8727865139050344 -0.43286201992826184 2.9381852918323541 1 CAMERA 1 33
34 1 0.93099239916807064 0.10510162248674405 -0.29995322406282049 0.17954070573620118 1.9301225488835883 0.059704440528911197 2.5925568372444299 1 CAMERA 1 34
35 1 0.93586646064768919 0.080558201806440438 -0.2977714413187369 0.17028362426094351 1.8392366319825928 -0.18515890694732123 2.748621955950028 1 CAMERA 1 35
36 1 0.92528396381878564 0.13116977166780558 -0.30001349901284979 0.19140527085344061 2.0191385895557956 0.29741484133272894 2.4734667176252478 1 CAMERA 1 36
37 1 0.91888263463478714 0.16372909891141429 -0.29708036009152289 0.20147145104004102 2.0668629703591619 0.47559974675880812 2.3639391742647486 1 CAMERA 1 37
38 1 0.9136676949780943 0.17711723407477645 -0.30228638562881027 0.2060673909442908 2.0159757942100986 0.59735642139309353 2.345618435020266 1 CAMERA 1 38
39 1 0.90953758742412139 0.19328134012620568 -0.30278420782186671 0.20905842273252562 2.0338120138145661 0.70138289306684254 2.2562003263074772 1 CAMERA 1 39
40 1 0.90450083278451576 0.2105489686321334 -0.30576260919136516 0.20989664628228588 2.026498985404416 0.86138898029703925 2.1460614791474173 1 CAMERA 1 40
41 1 0.89940850161591823 0.22572279332821521 -0.3100988130151342 0.20964802398239196 2.0166974800554014 1.0130849012397067 2.0727005323002072 1 CAMERA 1 41
42 1 0.89675781351103045 0.25359848825201592 -0.29779759301040848 0.20695367660521391 2.0334030881446039 1.2958094856404105 1.9615290979586186 1 CAMERA 1 42
43 1 0.89283934178574653 0.2795067270724973 -0.28741145483246133 0.20520369127260699 2.001075590668103 1.5135521177546132 1.864125136618032 1 CAMERA 1 43
44 1 0.88598476207635968 0.31969718326952123 -0.2668599352717842 0.20398648809362244 1.9442286782945031 1.9595250254118226 1.6732331486297352 1 CAMERA 1 44
45 1 0.88884365818635269 0.30063797980230084 -0.27712533881040669 0.20682191129450248 1.9796282163442305 1.6739659508824276 1.7661223546163849 1 CAMERA 1 45
46 1 0.88247757393150705 0.34039088155249497 -0.25688874194222494 0.19843274308243017 1.8493858503132314 2.1715475487946931 1.6278444195170358 1 CAMERA 1 46
47 1 0.87960362086022237 0.36089247992958046 -0.23913984140658645 0.1971451859719035 1.6826084143735645 2.3790728969949639 1.6884408745046209 1 CAMERA 1 47
48 1 0.8804352445781336 0.38465122584525424 -0.20033532413781915 0.191684565009759 1.6041059988916828 2.5244660078801697 1.761587009571264 1 CAMERA 1 48
49 1 0.88759384460598645 0.39529190304510364 -0.15397811197564812 0.17947762934961917 1.5497367455800892 2.7156856472552096 1.761340801296408 1 CAMERA 1 49
50 1 0.89453743050189738 0.40388419908937712 -0.1026672877440515 0.16167797371403422 1.5076132994817197 2.8029462453347112 1.7742782911089869 1 CAMERA 1 50
51 1 0.90218296010298449 0.39658007692109837 -0.080316202744394077 0.14946389753312933 1.3787562444342898 2.9038159356212225 1.7946119511760099 1 CAMERA 1 51
52 1 0.89501974705704657 0.42137348215810083 -0.051264279475175492 0.13695259968977694 1.418832979469381 2.7601417085956927 1.8899083382350721 1 CAMERA 1 52
53 1 0.88072883507028954 0.45823296064643304 -0.036463153546542566 0.11406012136753506 1.4023471388276616 2.5267721316991758 2.2139441661214825 1 CAMERA 1 53
54 1 0.84443946921358026 0.52756963601432061 -0.0039986294168719806 0.0926081689312057 1.5046508730387174 2.2046814189604595 2.4600232788586127 1 CAMERA 1 54
55 1 0.84209118422241558 0.5344220173781028 0.019325638903413465 0.070014744714119143 1.6208290461623858 2.2931949705859749 2.5713136862575414 1 CAMERA 1 55
56 1 0.83367546141825333 0.54852477753108109 0.044700050910071572 0.045909682118018776 1.432374520818277 2.1076034846544016 2.4457888892410016 1 CAMERA 1 56
57 1 0.81255079660060847 0.57388472016978265 0.10204614469723451 0.0020286083402036551 0.94362873418682935 1.2780152333194932 1.9990316530851953 1 CAMERA 1 57
58 1 0.82321733730469904 0.56384307887794849 0.059385756594528494 0.029453860122102594 1.0700882926169306 1.4778254179233861 2.399757885517861 1 CAMERA 1 58
59 1 0.85470278144772693 0.5025919984700451 0.12058707838476708 -0.048406559328581594 0.72340430037675696 1.2113578556509785 2.1378773202160155 1 CAMERA 1 59
60 1 0.83758129893425703 0.53355977812261624 0.11427440301099401 -0.026700031120365689 0.70395980652910928 1.4396532930034798 1.9713298155159471 1 CAMERA 1 60
61 1 0.86361805017652371 0.48264125442397354 0.12894066953456165 -0.067790756577365788 0.58908239470720236 1.0334136752210208 2.2429088571345095 1 CAMERA 1 61
62 1 0.86373945754967352 0.47152831904624337 0.14686861390896086 -0.10022376992350873 0.29931484457487728 0.93574401065128754 2.3050682839989651 1 CAMERA 1 62
63 1 0.8399913842973965 0.47643165569409318 0.19337318773836731 -0.17330366996296037 -0.18490575139829996 1.2826586526132449 2.4845530566156788 1 CAMERA 1 63
64 1 0.85221053651764322 0.47358057188081881 0.17033086848699058 -0.14298964516990298 0.065468304682723591 0.99133225594013519 2.3533588318901848 1 CAMERA 1 64
65 1 0.83280242718047637 0.47705216050184618 0.20443107467756869 -0.19253386494069763 -0.26059075299459683 1.440666223263209 2.5802170172260905 1 CAMERA 1 65
66 1 0.81438428141485009 0.4805249768587852 0.21554523949272827 -0.24375036108958825 -0.23056983616804419 1.7642277411860057 2.7193722513076826 1 CAMERA 1 66
67 1 0.77255396409717725 0.4993699060260926 0.22551718151537492 -0.32083028278918785 -0.14903727667535138 2.2335232810478001 2.9413552827679732 1 CAMERA 1 67
68 1 0.79741166988586698 0.4880384734433193 0.22052874367086892 -0.27806501107456083 -0.24621271926530561 2.0317133595233212 2.8751694731888904 1 CAMERA 1 68
69 1 0.75388334276975821 0.50243939618945832 0.22226812272642324 -0.36029354736206337 -0.15149369307752614 2.5386423311634254 2.9671843352207419 1 CAMERA 1 69
70 1 0.73366207941880279 0.49466711112804274 0.21001457982222732 -0.41585848392597269 0.082058906950878086 3.0286075413351363 2.8806825373270541 1 CAMERA 1 70
71 1 0.70608219243509962 0.50505791512789366 0.20481579178672457 -0.45212269499272578 0.29990731508022567 3.3013768185727899 3.0026041550338949 1 CAMERA 1 71
72 1 0.67972333856290201 0.52678426086436947 0.19976186635221971 -0.46964850928110113 0.37158010939678454 3.1395335173221159 3.0351384539594317 1 CAMERA 1 72
73 1 0.66063553851606704 0.53714443165870174 0.17408944620777822 -0.49470133364152735 0.46453319488484285 3.4763089079904339 3.0159750949575508 1 CAMERA 1 73
74 1 0.65124372637480255 0.53402683139794349 0.15321364950379252 -0.51693571148670214 0.65293352158756779 3.7711587656142207 3.0404086596686155 1 CAMERA 1 74
75 1 0.59233481816758404 0.55882694265856692 0.1196952082441619 -0.56791281766538848 1.1618581447864611 3.8299877485045215 3.0923130103482488 1 CAMERA 1 75
76 1 0.59263596971737653 0.57407107764928667 0.11817137564131759 -0.55250387435996318 1.0626207425307106 3.9265745317174008 3.0394198102767662 1 CAMERA 1 76
77 1 0.57367308970499387 0.61569629138833137 0.10068059620465501 -0.53073598000027866 1.0552002892309487 3.9167396474927001 2.9555999088673528 1 CAMERA 1 77
78 1 0.56263841484581667 0.64026069685294507 0.081072954405550263 -0.51665407214994774 1.238190236073011 3.9977286981246603 2.8273482550380038 1 CAMERA 1 78
79 1 0.53328590648598184 0.68853336931402231 0.054629263106856452 -0.48840923916005807 1.1384442921424054 3.8622314027982099 3.0799707214129359 1 CAMERA 1 79
80 1 0.50392893575887332 0.70476369334809064 0.039170690603355304 -0.49782468926414652 1.3814696854007873 3.9191333952651313 3.2604408519821173 1 CAMERA 1 80
81 1 0.48927197514535348 0.74429674831535675 -0.012537576201537188 -0.45439860691637446 1.0932632250197107 4.0950411530022661 3.5101245614027312 1 CAMERA 1 81
82 1 0.46439873257965214 0.76873741588289046 -0.050822540402279473 -0.43679934980167673 1.1257089132711893 4.0168600470552951 3.5797647667395855 1 CAMERA 1 82
83 1 0.42747374379051928 0.79158245200285882 -0.076496843742973025 -0.42989725859584449 1.2916286706331692 3.7881320579919358 3.8180620569418742 1 CAMERA 1 83
84 1 0.39188125685427772 0.8185667023009795 -0.14858011556838535 -0.39281240264036543 1.224275147728215 3.6636861740574438 4.1071802516170095 1 CAMERA 1 84
85 1 0.4053872212849976 0.80438915681150525 -0.11062578633253509 -0.41997764300163937 1.3609438239657838 3.6931883727043782 4.110174502431958 1 CAMERA 1 85
86 1 0.38039928625382641 0.82483891167561163 -0.18919405182084853 -0.37301844935469641 1.251735279850104 3.8685036509140329 3.9575228149152197 1 CAMERA 1 86
87 1 0.37898032224403966 0.82718751155531212 -0.18791317482834854 -0.3698964379453587 1.4743138376861264 3.6946815451074055 3.8505420239884587 1 CAMERA 1 87
88 1 0.37709276848552092 0.83636682727982825 -0.15655277444961319 -0.36576331553878899 1.7187559169626017 3.3569241354995034 3.4198868817306889 1 CAMERA 1 88
89 1 0.38090342392375071 0.83621646451389187 -0.14280726398616894 -0.36777804647889883 1.7315715853406863 3.1303614151538439 3.2850801789782285 1 CAMERA 1 89
90 1 0.38850539398651274 0.84061462754913441 -0.14741452627379301 -0.34741842817744695 1.6994128042778898 3.0523230956904297 3.1408477816760474 1 CAMERA 1 90
91 1 0.39620074917675724 0.83681917774467607 -0.15516054763738737 -0.34450520252583522 1.9803674665762296 2.9054243743342512 3.1088454534687511 1 CAMERA 1 91
92 1 0.39749206101509155 0.83275136682315065 -0.16001792779482599 -0.35059875251974199 2.0984577313792885 3.0137554275764624 3.132134399563911 1 CAMERA 1 92
93 1 0.39459666528647663 0.83182863739129953 -0.16182239438538765 -0.35520149554289099 2.1399946175107991 3.2683282672443257 3.1812778676505489 1 CAMERA 1 93
94 1 0.39834101535982341 0.83177567561689369 -0.16788802892382068 -0.34826322039262114 2.2649006152834552 3.3933875345412186 3.2268407530189891 1 CAMERA 1 94
95 1 0.38690833719823636 0.84098824659383409 -0.17799603533041594 -0.33370363963280031 2.5349934017214513 3.3345590767914186 3.0120361079126798 1 CAMERA 1 95
96 1 0.39347207840515452 0.83514736125090794 -0.1760769808550755 -0.34162187477404715 2.4134683862970183 3.4297768566375857 3.2124565526043654 1 CAMERA 1 96
97 1 0.38774029876473887 0.83716986460746778 -0.18542968347175318 -0.33826012326981519 2.5708377580344184 3.2783127975620223 2.7565838541131935 1 CAMERA 1 97
98 1 0.39655865350089398 0.82518688128222228 -0.18008662222560159 -0.35968966316625067 2.3580963248792388 2.8711524914469781 2.7474015449805083 1 CAMERA 1 98
99 1 0.39101870147395446 0.83935085352020222 -0.18701075052004171 -0.32805715810276309 2.5800850646194333 3.351238413456791 2.9298206596486986 1 CAMERA 1 99
100 1 0.40687082635912486 0.79827904803585759 -0.17936918042766398 -0.40624301746308961 1.9698778707892652 2.777057809017629 2.7626262516718154 1 CAMERA 1 100
101 1 0.42324070683061321 0.73716892650290711 -0.16636732693303558 -0.49977113803143042 1.4855232423824145 2.6471443035334343 2.4396632156988844 1 CAMERA 1 101
102 1 0.41724023012071881 0.76860720295346918 -0.18159949450754223 -0.44963894574587254 1.5781194141779153 2.7505879842689125 2.6896395594972646 1 CAMERA 1 102
103 1 0.44094734500742849 0.71729580739011556 -0.15701570225745584 -0.5161378041531739 1.4254185588196919 2.6720116393040896 2.3676638639498311 1 CAMERA 1 103
104 1 0.46310361980309617 0.69127647138138626 -0.14669546396523453 -0.53493206885715261 1.2931737671516528 2.6178811335175807 2.2660713475367333 1 CAMERA 1 104
105 1 0.5076209472523362 0.65210353752088313 -0.12677233522030271 -0.54864444341137952 1.0771204075979115 2.5888595126715912 1.9971548007250715 1 CAMERA 1 105
106 1 0.50252334052050274 0.6678703181489587 -0.12447435782484795 -0.53472017412083439 1.2939591863944651 2.7035255275488606 2.2449811999841853 1 CAMERA 1 106
107 1 0.50905748208699353 0.63296179604720915 -0.12866117223110624 -0.56891664366237271 0.84316796140252925 2.5997775403114627 1.9189948945066229 1 CAMERA 1 107
108 1 0.50994783218862827 0.61658671042330637 -0.13577860622736715 -0.58424156567847696 0.63917597688729588 2.4841826874832247 1.8842849405170972 1 CAMERA 1 108
109 1 0.51835517069770043 0.60766280594402045 -0.13374181730771054 -0.58665744484019688 0.4177817509628165 2.2347426089016955 1.7143442440148204 1 CAMERA 1 109
110 1 0.52784081462003452 0.5723241634798607 -0.11041587579836637 -0.61776812858063157 -0.0083858831784422473 1.8030362855426783 1.3133226178983186 1 CAMERA 1 110
111 1 0.52259441782514793 0.59669978360864551 -0.1288736725717293 -0.59517730065692609 0.13033416869196687 1.9469004981196385 1.4560743764697039 1 CAMERA 1 111
112 1 0.53428864567726753 0.52938986978905889 -0.056960859582572194 -0.65653443880781248 0.050633763271570244 1.5255781935663177 1.4051726644809173 1 CAMERA 1 112
113 1 0.55012278868673592 0.46192127739478145 -0.0071478723562007204 -0.69565980103659986 0.24159260780712366 1.2977404467310802 1.5363707957487662 1 CAMERA 1 113
114 1 0.5757535654161563 0.36788511998808043 -0.0040382214261136945 -0.73017262559592933 0.11253609272862922 1.2845373552443926 1.3321536033900143 1 CAMERA 1 114
115 1 0.55706787119302092 0.423905206668794 0.0043177217894535391 -0.71411562083608837 0.23769092184701654 1.198652328358923 1.5056984858689366 1 CAMERA 1 115
116 1 0.63827728644340509 0.2763710351661442 0.057028379390868307 -0.71621848654980169 -0.06566713435255328 0.87167672666498386 1.3125588073376411 1 CAMERA 1 116
117 1 0.59123711520709266 0.34324075595058967 0.013641965814206474 -0.72968373548050736 -0.0065556336642766527 1.134973450219672 1.3022106865845577 1 CAMERA 1 117
118 1 0.61307864385880273 0.31445523281593818 0.040291683010083963 -0.72362218268868761 -0.080803314428496933 0.94411242545135587 1.2951927297809973 1 CAMERA 1 118
119 1 0.65809466761348945 0.23613172226513851 0.060164788877679606 -0.7124137957522263 -0.21429545353883839 0.77081439722659717 1.2449090538112064 1 CAMERA 1 119
120 1 0.66696273374369319 0.19235581780088529 0.044847676746939041 -0.71843485233227244 -0.42223302051564138 0.86053766315479874 1.3547871801060709 1 CAMERA 1 120
121 1 0.67700809332459388 0.18123195300249842 0.044568279162364353 -0.71191901876295161 -0.69202999833717349 0.74527811251406939 1.2928228816748359 1 CAMERA 1 121
122 1 0.69072182083963007 0.14921673895046947 0.049067044247813572 -0.70585420321887771 -0.80011340376315199 0.69078469022421418 1.3121537193692303 1 CAMERA 1 122
123 1 0.71193785008375488 0.13980949475367241 0.069993800453209118 -0.68461571022943979 -0.88330714663401511 0.43815309554019333 1.1250237098803244 1 CAMERA 1 123
124 1 0.75492021029476197 0.09196089372907168 0.1060368672586232 -0.6406206778547191 -0.46759143058440567 0.34815362294859697 1.236786836516397 1 CAMERA 1 124
125 1 0.80991433715255878 0.064858304826513807 0.11415635387973544 -0.5716646688738487 -0.60580856646045056 -0.051296447450398935 1.8281004503248475 1 CAMERA 1 125
126 1 0.86980499999207528 0.021892711803713504 0.041302691541881632 -0.49117619937254864 -1.5406175649367417 -0.10990513350576499 1.8112876880802249 1 CAMERA 1 126
127 1 0.83604582426704688 0.048900376765821027 0.087007054983234397 -0.53950524118023113 -1.1209393666000054 -0.15362736448297176 2.1537461616967852 1 CAMERA 1 127
128 1 0.90366698657708178 0.02873793342234544 0.025090458270782889 -0.4265332079182948 -1.3986421300108045 -0.51899481277204484 1.5060001382210226 1 CAMERA 1 128
129 1 0.93337493142265127 0.021781898823106726 0.014446791160681561 -0.35794982399853298 -0.98417769500332863 -1.034658966825392 1.1426067890360461 1 CAMERA 1 129
130 1 0.91371625919269039 0.016929659688496086 0.016980165739436788 -0.40564474393391226 -1.2824926828786987 -0.75224742681448586 1.345299918789197 1 CAMERA 1 130
131 1 0.94725570314162744 0.047785204783223172 0.010298315644663445 -0.31672883001768165 -0.84628856112537743 -1.2584421110043338 0.80609259910059361 1 CAMERA 1 131
132 1 0.9619368406793638 0.037533706631105959 -7.3438919664762229e-05 -0.27068197209466938 -0.60308620149432279 -1.384527300723819 0.78148155823025944 1 CAMERA 1 132
133 1 0.96828575416501195 0.031971143282397932 -0.017950157040189218 -0.24714031670397946 -0.50988790268408213 -1.4221387843125195 0.79243201016864961 1 CAMERA 1 133
134 1 0.98838088190418116 0.0049022334972185196 -0.080887093947885735 -0.1285942394733057 0.26838269429455203 -1.4394649051799187 0.62016309320433005 1 CAMERA 1 134
135 1 0.9908238650093536 0.0053374926564436244 -0.090717115006012775 -0.1000499112695987 0.5436589506707542 -1.3393076345598107 0.58215685086419422 1 CAMERA 1 135
136 1 0.97451266591475882 0.015522592877344031 -0.038113854185992162 -0.22052538901714422 -0.38184124276221709 -1.3283378742784935 0.87118954591095799 1 CAMERA 1 136
137 1 0.99141324785441298 4.5235366760897588e-05 -0.10947781094168799 -0.071514885471082645 0.66500118845543388 -1.2608122828284409 0.56894688217466838 1 CAMERA 1 137
138 1 0.98632999121902099 0.0038373538385088335 -0.070357649826528479 -0.14895712218048462 -0.033812206923013448 -1.410759554349962 0.6357189896234523 1 CAMERA 1 138
139 1 0.98203981797951334 0.014032851175103393 -0.052257838609965183 -0.18074842542737862 -0.23536934842538282 -1.3306505002551352 0.71296297927941432 1 CAMERA 1 139
140 1 0.99143147898650952 0.0077097730840775093 -0.12216612687111794 -0.045602843320612242 0.81036408647660474 -1.328786118096082 0.53865758436591504 1 CAMERA 1 140
141 1 0.99158652145952164 -0.0032339035178465523 -0.12602259749331934 -0.029394170321340535 0.93811021321670063 -1.2087409782770577 0.35877025573999055 1 CAMERA 1 141
142 1 0.99096414754778428 -0.0139434977631621 -0.13221252400979136 -0.017761915436748463 0.97741231301904175 -0.99078335669784046 0.21816779792501964 1 CAMERA 1 142
143 1 0.99143620164006419 0.0068900025567918974 -0.12520646644039998 -0.036470902152246076 0.93076396114863491 -1.4338812096961022 0.49891863765332289 1 CAMERA 1 143
144 1 0.99143457155076442 0.0038645181286343622 -0.13054447711317299 0.00083386379813018305 1.1025400677075332 -1.39235370113193 0.3195925301530752 1 CAMERA 1 144
145 1 0.99078626070261677 -0.0097597025837569129 -0.13457301548844114 -0.01172336601623916 1.0047160034154718 -1.1323255726712032 0.27969139463196607 1 CAMERA 1 145
146 1 0.99021313292222091 0.065880379745363996 -0.12297594811503311 0.0038266353596420042 0.93635028404649334 -2.0138509979040857 0.81942291034878745 1 CAMERA 1 146
147 1 0.99199490462777773 0.0064717464600930058 -0.1260884748018227 0.0024335596217622017 1.0772922570598833 -1.4135060909906936 0.537137671605458 1 CAMERA 1 147
148 1 0.99125623888453618 0.054837872977068623 -0.11995885280852038 0.0037081252268584982 1.0991836737795666 -1.6816728966639514 0.59865582419172403 1 CAMERA 1 148
149 1 0.9894291486858352 0.071404590327128939 -0.12590490479929969 0.008905007496787869 0.85100816094825971 -2.2035424203126368 0.86283660467451739 1 CAMERA 1 149
150 1 0.98957609014716363 0.041761799320911216 -0.13693182859580053 -0.01564571008113674 0.33603714657900496 -1.8316719244070814 1.2532901818443274 1 CAMERA 1 150
151 1 0.98887275667429053 0.013379757951395383 -0.14148082084100094 -0.043986708432300438 0.177558791273666 -1.1458749016582872 1.6238000980246701 1 CAMERA 1 151
152 1 0.98926637098105064 0.064745738872310415 -0.13081239628829211 0.0069392738219302341 0.68772835916325203 -2.1964791331168616 0.89283144255712554 1 CAMERA 1 152
153 1 0.98799374166270326 -0.005834848298240122 -0.14315403958571524 -0.057803476806846561 0.23537214000817558 -0.69727376733552315 1.830923665301242 1 CAMERA 1 153
154 1 0.98591003179692904 -0.010157742845878634 -0.14586396942475768 -0.081252273113487969 0.31860048133914842 -0.51473066781038856 2.0400652867657185 1 CAMERA 1 154
155 1 0.98198311711861186 0.0079411009803850106 -0.15444671829340262 -0.10859239300076449 -0.050617418566599411 -0.3205090945274644 2.6650030118563452 1 CAMERA 1 155
156 1 0.99458173405356864 0.026721563031849051 -0.077437450163093779 -0.064004481627225621 0.47498181797904027 -1.6904026023215026 2.736536902339012 1 CAMERA 1 156
157 1 0.99580008347657101 0.014177571487335535 -0.052819100163993764 -0.073425696269370275 0.58817818756631979 -1.6472750534538685 2.2108726016168196 1 CAMERA 1 157
158 1 0.99539990888338536 0.0025440694250507376 -0.056862084589546544 -0.077066545542407772 0.50605671447797229 -1.423188289380136 2.1933314706321254 1 CAMERA 1 158
159 1 0.99491641836589995 0.0043723892580245383 -0.053061802029646707 -0.085478932161746526 0.39749722875224225 -1.4091372704901159 2.2315187899461897 1 CAMERA 1 159
160 1 0.98813664325226847 0.015061069189757435 -0.11917942577444195 -0.09568386974341439 0.055400858764732677 -1.0218990249359194 3.1857459904494845 1 CAMERA 1 160
